***Control parameters
NTYPE  NPOIN  NELEM  NVFIX
    1   1205    52     50
NDOFN  NDIME  NSTRE
    2      2      3
NMATS  NPROP  NGAUS
    2      5     16
NODEG
    5 
***Element connectivity
Elem#   nside    Mat#    CornerElement?(1=yes, 0=No)    Corner_x       Corner_y     inclusion_r    nextline(Nod1# -------------> NodN#)
1	12	2	0	0	0	0.531808467		
483	494	496	500	502	506	511	513	531	533	537	539	542	545	547	551	560	559	558	557	556	555	554	553	552	550	546	544	540	538	535	532	529	512	510	507	503	501	497	495	491	490	489	488	487	486	485	484
2	10	2	0	0	0	0.467818591		
721	741	747	753	768	772	778	784	790	791	792	793	794	795	796	797	798	788	785	782	779	776	773	770	767	757	754	751	748	745	742	739	729	728	727	726	725	724	723	722								
3	10	1	0	0	0	0.699860521		
592	602	605	608	611	614	617	620	630	633	636	639	642	645	649	651	669	668	667	666	665	664	663	662	661	648	643	637	631	618	612	606	600	599	598	597	596	595	594	593								
4	10	2	0	0	0	0.446192565		
384	394	396	400	402	406	408	412	422	425	427	431	433	437	439	443	445	446	447	448	449	450	451	452	453	440	434	429	423	409	403	397	376	377	378	379	380	381	382	383								
5	12	2	0	0	0	0.888568965		
285	287	291	294	297	300	303	315	325	328	329	332	335	338	341	344	346	347	348	349	350	351	352	353	354	343	340	337	334	330	326	316	306	304	302	298	296	292	290	286	277	278	279	280	281	282	283	284
6	10	1	0	0	0	0.834121943		
250	263	268	275	288	293	299	305	317	318	319	320	321	322	323	324	325	315	303	300	297	294	291	287	285	274	272	270	267	265	261	259	258	257	256	255	254	253	252	251								
7	10	2	0	0	0	0.545683532		
591	604	610	616	624	635	641	647	660	659	658	657	656	655	654	653	652	650	646	644	640	638	634	632	621	619	615	613	609	607	603	601	583	584	585	586	587	588	589	590								
8	10	1	0	0	0	0.645672349		
942	950	955	961	968	979	985	991	1005	1004	1003	1002	1001	1000	999	998	997	995	992	989	986	984	982	978	976	965	963	959	957	952	949	946	931	932	934	935	936	938	939	940								
9	10	1	0	0	0	0.770551984		
1005	1017	1023	1029	1035	1048	1054	1062	1083	1081	1079	1077	1075	1073	1071	1069	1067	1064	1060	1058	1056	1052	1050	1046	1037	1033	1031	1027	1025	1021	1018	1015	997	998	999	1000	1001	1002	1003	1004								
10	12	2	0	0	0	0.820619684		
690	701	703	707	710	713	716	719	729	739	742	745	748	751	754	757	767	766	765	764	763	762	761	760	759	758	755	752	749	746	743	740	730	720	717	714	711	708	705	702	698	697	696	695	694	693	692	691
11	10	1	0	0	0	0.846786567		
385	399	405	411	424	430	436	442	454	455	456	457	458	459	460	461	462	444	441	438	435	432	428	426	414	413	410	407	404	401	398	395	393	392	391	390	389	388	387	386								
12	12	1	0	0	0	0.741793449		
976	978	982	984	986	989	992	995	997	1015	1018	1021	1025	1027	1031	1033	1037	1038	1039	1040	1041	1042	1043	1044	1045	1034	1032	1028	1026	1022	1020	1016	1006	996	993	990	987	983	980	977	966	967	969	970	972	973	974	975
13	10	1	0	0	0	0.411491326		
454	468	474	480	493	499	505	508	514	515	516	519	522	525	528	530	531	513	511	506	502	500	496	494	483	481	478	476	473	470	467	464	462	461	460	459	458	457	456	455								
14	12	1	0	0	0	0.498150232		
414	426	428	432	435	438	441	444	462	464	467	470	473	476	478	481	483	484	485	486	487	488	489	490	491	482	477	475	471	469	465	463	445	443	439	437	433	431	427	425	422	421	420	419	418	417	416	415
15	8	1	0	0	0	0.513055317		
1139	1154	1158	1162	1166	1170	1174	1178	1181	1182	1183	1184	1185	1186	1187	1188	1189	1180	1176	1172	1168	1164	1160	1156	1152	1151	1150	1149	1147	1145	1143	1141																
16	12	2	0	0	0	0.675118113		
560	563	565	569	571	575	577	581	583	601	603	607	609	613	615	619	621	622	623	625	626	627	628	629	630	620	617	614	611	608	605	602	592	582	579	576	572	570	566	564	552	553	554	555	556	557	558	559
17	10	2	0	0	0	0.594925457		
306	316	326	330	334	337	340	343	354	356	359	362	365	368	371	374	384	383	382	381	380	379	378	377	376	370	364	358	345	339	333	327	314	313	312	311	310	309	308	307								
18	10	2	0	0	0	0.814750981		
164	175	179	181	193	196	200	204	215	218	220	223	226	228	231	234	236	237	238	239	240	241	242	243	244	230	224	219	205	198	191	177	173	172	170	169	168	167	166	165								
19	10	1	0	0	0	0.707847615		
514	534	541	548	561	567	573	578	591	590	589	588	587	586	585	584	583	581	577	575	571	569	565	563	560	551	547	545	542	539	537	533	531	530	528	525	522	519	516	515								
20	8	1	0	0	0	0.722882523		
1148	1155	1159	1163	1167	1171	1175	1179	1197	1198	1199	1200	1201	1202	1203	1204	1205	1177	1173	1169	1165	1161	1157	1153	1135	1136	1137	1138	1140	1142	1144	1146																
21	12	2	0	0	0	0.790792926		
621	632	634	638	640	644	646	650	652	670	672	676	678	682	684	688	690	691	692	693	694	695	696	697	698	689	686	683	680	677	675	671	669	651	649	645	642	639	636	633	630	629	628	627	626	625	623	622
22	10	2	0	0	0	0.77283478		
529	532	535	538	540	544	546	550	552	564	566	570	572	576	579	582	592	593	594	595	596	597	598	599	600	580	574	568	562	549	543	536	517	518	520	521	523	524	526	527								
23	8	2	0	0	0	0.592013434		
1	27	31	35	38	42	46	50	63	61	60	59	57	56	54	53	52	48	45	41	37	34	30	26	9	8	7	6	5	4	3	2																
24	12	2	0	0	0	0.721087101		
767	770	773	776	779	782	785	788	798	808	811	814	817	820	823	826	837	836	835	834	833	832	831	830	829	827	824	821	818	815	813	809	807	789	787	783	780	777	774	771	759	760	761	762	763	764	765	766
25	12	1	0	0	0	0.509099241		
207	217	222	225	229	233	235	246	258	259	261	265	267	270	272	274	285	284	283	282	281	280	279	278	277	273	271	266	264	260	249	247	236	234	231	228	226	223	220	218	215	214	213	212	211	210	209	208
26	10	2	0	0	0	0.60647603		
317	331	336	342	355	361	367	373	385	386	387	388	389	390	391	392	393	375	372	369	366	363	360	357	346	344	341	338	335	332	329	328	325	324	323	322	321	320	319	318								
27	10	1	0	0	0	0.688002909		
9	26	30	34	37	41	45	48	52	55	58	62	64	67	71	75	78	77	76	73	72	70	69	68	65	51	47	43	39	36	32	28	17	16	15	14	13	12	11	10								
28	10	1	0	0	0	0.401002202		
790	810	816	822	828	841	847	853	859	860	861	862	863	864	865	866	867	857	854	851	848	845	842	840	837	826	823	820	817	814	811	808	798	797	796	795	794	793	792	791								
29	10	2	0	0	0	0.776224312		
1006	1016	1020	1022	1026	1028	1032	1034	1045	1047	1051	1053	1057	1059	1061	1065	1066	1068	1070	1072	1074	1076	1078	1080	1082	1063	1055	1049	1036	1030	1024	1019	1014	1013	1012	1011	1010	1009	1008	1007								
30	10	1	0	0	0	0.702172454		
445	463	465	469	471	475	477	482	491	495	497	501	503	507	510	512	529	527	526	524	523	521	520	518	517	509	504	498	492	479	472	466	453	452	451	450	449	448	447	446								
31	10	1	0	0	0	0.830822778		
117	131	140	151	156	162	174	178	182	183	184	185	186	187	188	189	190	180	176	171	161	157	154	149	137	136	135	134	132	130	128	126	125	124	123	122	121	120	119	118								
32	10	1	0	0	0	0.673811542		
182	195	202	216	221	227	232	245	250	251	252	253	254	255	256	257	258	246	235	233	229	225	222	217	207	206	203	201	199	197	194	192	190	189	188	187	186	185	184	183								
33	12	2	0	0	0	0.806422909		
78	83	88	100	103	107	111	114	125	126	128	130	132	134	135	136	137	138	139	141	142	144	145	146	147	133	127	116	112	108	105	102	91	89	87	86	82	81	79	74	65	68	69	70	72	73	76	77
34	10	2	0	0	0	0.638581714		
730	740	743	746	749	752	755	758	759	771	774	777	780	783	787	789	807	806	805	804	803	802	801	800	799	786	781	775	769	756	750	744	738	737	736	735	734	733	732	731								
35	10	1	0	0	0	0.463842656		
1066	1084	1088	1090	1094	1098	1102	1104	1108	1117	1121	1123	1125	1129	1131	1133	1148	1146	1144	1142	1140	1138	1137	1136	1135	1127	1119	1106	1100	1096	1091	1086	1082	1080	1078	1076	1074	1072	1070	1068								
36	10	2	0	0	0	0.424186487		
868	878	881	884	887	890	892	896	905	909	911	915	919	921	925	927	945	944	943	941	937	933	930	929	928	923	917	913	907	894	888	882	876	875	874	873	872	871	870	869								
37	10	1	0	0	0	0.645590705		
807	809	813	815	818	821	824	827	829	839	843	846	849	852	855	858	868	869	870	871	872	873	874	875	876	856	850	844	838	825	819	812	799	800	801	802	803	804	805	806								
38	12	2	0	0	0	0.892690012		
1037	1046	1050	1052	1056	1058	1060	1064	1067	1085	1089	1092	1095	1099	1103	1105	1116	1115	1114	1113	1112	1111	1110	1109	1108	1104	1102	1098	1094	1090	1088	1084	1066	1065	1061	1059	1057	1053	1051	1047	1045	1044	1043	1042	1041	1040	1039	1038
39	10	2	0	0	0	0.802940696		
859	880	886	893	906	912	918	924	942	940	939	938	936	935	934	932	931	926	922	920	916	914	910	908	897	895	891	889	885	883	879	877	867	866	865	864	863	862	861	860								
40	10	2	0	0	0	0.882492024		
945	947	951	953	956	958	960	964	966	977	980	983	987	990	993	996	1006	1007	1008	1009	1010	1011	1012	1013	1014	994	988	981	971	962	954	948	928	929	930	933	937	941	943	944								
41	12	2	0	0	0	0.615374099		
346	357	360	363	366	369	372	375	393	395	398	401	404	407	410	413	414	415	416	417	418	419	420	421	422	412	408	406	402	400	396	394	384	374	371	368	365	362	359	356	354	353	352	351	350	349	348	347
42	10	1	0	0	0	0.474616754		
236	247	249	260	264	266	271	273	277	286	290	292	296	298	302	304	306	307	308	309	310	311	312	313	314	301	295	289	276	269	262	248	244	243	242	241	240	239	238	237								
43	10	2	0	0	0	0.849775348		
17	28	32	36	39	43	47	51	65	74	79	81	82	86	87	89	91	92	93	94	95	96	97	98	99	84	66	49	44	40	33	29	25	24	23	22	21	20	19	18								
44	12	1	0	0	0	0.840239908		
837	840	842	845	848	851	854	857	867	877	879	883	885	889	891	895	897	898	899	900	901	902	903	904	905	896	892	890	887	884	881	878	868	858	855	852	849	846	843	839	829	830	831	832	833	834	835	836
45	10	1	0	0	0	0.701297617		
1083	1087	1093	1097	1101	1107	1120	1128	1139	1141	1143	1145	1147	1149	1150	1151	1152	1134	1132	1130	1126	1124	1122	1118	1116	1105	1103	1099	1095	1092	1089	1085	1067	1069	1071	1073	1075	1077	1079	1081								
46	12	2	0	0	0	0.75335361		
897	908	910	914	916	920	922	926	931	946	949	952	957	959	963	965	976	975	974	973	972	970	969	967	966	964	960	958	956	953	951	947	945	927	925	921	919	915	911	909	905	904	903	902	901	900	899	898
47	12	2	0	0	0	0.461052696		
137	149	154	157	161	171	176	180	190	192	194	197	199	201	203	206	207	208	209	210	211	212	213	214	215	204	200	196	193	181	179	175	164	163	160	158	155	153	150	148	147	146	145	144	142	141	139	138
48	10	1	0	0	0	0.471788846		
91	102	105	108	112	116	127	133	147	148	150	153	155	158	160	163	164	165	166	167	168	169	170	172	173	159	152	143	129	115	110	104	99	98	97	96	95	94	93	92								
49	10	1	0	0	0	0.799778381		
669	671	675	677	680	683	686	689	698	702	705	708	711	714	717	720	730	731	732	733	734	735	736	737	738	718	712	706	700	687	681	674	661	662	663	664	665	666	667	668								
50	10	1	0	0	0	0.497396334		
660	673	679	685	699	704	709	715	721	722	723	724	725	726	727	728	729	719	716	713	710	707	703	701	690	688	684	682	678	676	672	670	652	653	654	655	656	657	658	659								
51	10	2	0	0	0	0.761158131		
63	80	85	90	101	106	109	113	117	118	119	120	121	122	123	124	125	114	111	107	103	100	88	83	78	75	71	67	64	62	58	55	52	53	54	56	57	59	60	61								
52	12	1	0	0	0	0.779590844		
1116	1118	1122	1124	1126	1130	1132	1134	1152	1156	1160	1164	1168	1172	1176	1180	1189	1190	1191	1192	1193	1194	1195	1196	1197	1179	1175	1171	1167	1163	1159	1155	1148	1133	1131	1129	1125	1123	1121	1117	1108	1109	1110	1111	1112	1113	1114	1115																			
***Node coordinates
Node#     xCoord       yCoord
1	-4	-18
2	-4.343	-18
3	-4.686	-18
4	-5.029	-18
5	-5.372	-18
6	-5.715	-18
7	-6.058	-18
8	-6.401	-18
9	-6.744	-18
10	-7.1215	-18
11	-7.499	-18
12	-7.8765	-18
13	-8.254	-18
14	-8.6315	-18
15	-9.009	-18
16	-9.3865	-18
17	-9.764	-18
18	-10.0435	-18
19	-10.323	-18
20	-10.6025	-18
21	-10.882	-18
22	-11.1615	-18
23	-11.441	-18
24	-11.7205	-18
25	-12	-18
26	-6.7315	-17.658
27	-4	-17.634625
28	-9.6925	-17.62525
29	-12	-17.498625
30	-6.719	-17.316
31	-4	-17.26925
32	-9.621	-17.2505
33	-12	-16.99725
34	-6.7065	-16.974
35	-4	-16.903875
36	-9.5495	-16.87575
37	-6.694	-16.632
38	-4	-16.5385
39	-9.478	-16.501
40	-12	-16.495875
41	-6.6815	-16.29
42	-4	-16.173125
43	-9.4065	-16.12625
44	-12	-15.9945
45	-6.669	-15.948
46	-4	-15.80775
47	-9.335	-15.7515
48	-6.6565	-15.606
49	-12	-15.493125
50	-4	-15.442375
51	-9.2635	-15.37675
52	-6.644	-15.264
53	-6.3135	-15.240625
54	-5.983	-15.21725
55	-6.70475	-15.2075
56	-5.6525	-15.193875
57	-5.322	-15.1705
58	-6.7655	-15.151
59	-4.9915	-15.147125
60	-4.661	-15.12375
61	-4.3305	-15.100375
62	-6.82625	-15.0945
63	-4	-15.077
64	-6.887	-15.038
65	-9.192	-15.002
66	-12	-14.99175
67	-6.94775	-14.9815
68	-8.93425	-14.97825
69	-8.6765	-14.9545
70	-8.41875	-14.93075
71	-7.0085	-14.925
72	-8.161	-14.907
73	-7.90325	-14.88325
74	-9.32875	-14.876
75	-7.06925	-14.8685
76	-7.6455	-14.8595
77	-7.38775	-14.83575
78	-7.13	-14.812
79	-9.4655	-14.75
80	-4	-14.736375
81	-9.60225	-14.624
82	-9.739	-14.498
83	-7.08125	-14.4925
84	-12	-14.490375
85	-4	-14.39575
86	-9.87575	-14.372
87	-10.0125	-14.246
88	-7.0325	-14.173
89	-10.14925	-14.12
90	-4	-14.055125
91	-10.286	-13.994
92	-10.50025	-13.993375
93	-10.7145	-13.99275
94	-10.92875	-13.992125
95	-11.143	-13.9915
96	-11.35725	-13.990875
97	-11.5715	-13.99025
98	-11.78575	-13.989625
99	-12	-13.989
100	-6.98375	-13.8535
101	-4	-13.7145
102	-10.119125	-13.68675
103	-6.935	-13.534
104	-12	-13.503
105	-9.95225	-13.3795
106	-4	-13.373875
107	-6.88625	-13.2145
108	-9.785375	-13.07225
109	-4	-13.03325
110	-12	-13.017
111	-6.8375	-12.895
112	-9.6185	-12.765
113	-4	-12.692625
114	-6.78875	-12.5755
115	-12	-12.531
116	-9.451625	-12.45775
117	-4	-12.352
118	-4.3425	-12.34
119	-4.685	-12.328
120	-5.0275	-12.316
121	-5.37	-12.304
122	-5.7125	-12.292
123	-6.055	-12.28
124	-6.3975	-12.268
125	-6.74	-12.256
126	-6.810875	-12.172375
127	-9.28475	-12.1505
128	-6.88175	-12.08875
129	-12	-12.045
130	-6.952625	-12.005125
131	-4	-11.961625
132	-7.0235	-11.9215
133	-9.117875	-11.84325
134	-7.094375	-11.837875
135	-7.16525	-11.75425
136	-7.236125	-11.670625
137	-7.307	-11.587
138	-7.5125	-11.580625
139	-7.718	-11.57425
140	-4	-11.57125
141	-7.9235	-11.567875
142	-8.129	-11.5615
143	-12	-11.559
144	-8.3345	-11.555125
145	-8.54	-11.54875
146	-8.7455	-11.542375
147	-8.951	-11.536
148	-9.105125	-11.36075
149	-7.1965	-11.291125
150	-9.25925	-11.1855
151	-4	-11.180875
152	-12	-11.073
153	-9.413375	-11.01025
154	-7.086	-10.99525
155	-9.5675	-10.835
156	-4	-10.7905
157	-6.9755	-10.699375
158	-9.721625	-10.65975
159	-12	-10.587
160	-9.87575	-10.4845
161	-6.865	-10.4035
162	-4	-10.400125
163	-10.029875	-10.30925
164	-10.184	-10.134
165	-10.411	-10.129875
166	-10.638	-10.12575
167	-10.865	-10.121625
168	-11.092	-10.1175
169	-11.319	-10.113375
170	-11.546	-10.10925
171	-6.7545	-10.107625
172	-11.773	-10.105125
173	-12	-10.101
174	-4	-10.00975
175	-10.01675	-9.867375
176	-6.644	-9.81175
177	-12	-9.64175
178	-4	-9.619375
179	-9.8495	-9.60075
180	-6.5335	-9.515875
181	-9.68225	-9.334125
182	-4	-9.229
183	-4.302875	-9.227875
184	-4.60575	-9.22675
185	-4.908625	-9.225625
186	-5.2115	-9.2245
187	-5.514375	-9.223375
188	-5.81725	-9.22225
189	-6.120125	-9.221125
190	-6.423	-9.22
191	-12	-9.1825
192	-6.5315	-9.078125
193	-9.515	-9.0675
194	-6.64	-8.93625
195	-4	-8.81875
196	-9.34775	-8.800875
197	-6.7485	-8.794375
198	-12	-8.72325
199	-6.857	-8.6525
200	-9.1805	-8.53425
201	-6.9655	-8.510625
202	-4	-8.4085
203	-7.074	-8.36875
204	-9.01325	-8.267625
205	-12	-8.264
206	-7.1825	-8.226875
207	-7.291	-8.085
208	-7.485375	-8.0745
209	-7.67975	-8.064
210	-7.874125	-8.0535
211	-8.0685	-8.043
212	-8.262875	-8.0325
213	-8.45725	-8.022
214	-8.651625	-8.0115
215	-8.846	-8.001
216	-4	-7.99825
217	-7.158125	-7.816875
218	-8.987625	-7.807125
219	-12	-7.80475
220	-9.12925	-7.61325
221	-4	-7.588
222	-7.02525	-7.54875
223	-9.270875	-7.419375
224	-12	-7.3455
225	-6.892375	-7.280625
226	-9.4125	-7.2255
227	-4	-7.17775
228	-9.554125	-7.031625
229	-6.7595	-7.0125
230	-12	-6.88625
231	-9.69575	-6.83775
232	-4	-6.7675
233	-6.626625	-6.744375
234	-9.837375	-6.643875
235	-6.49375	-6.47625
236	-9.979	-6.45
237	-10.231625	-6.447125
238	-10.48425	-6.44425
239	-10.736875	-6.441375
240	-10.9895	-6.4385
241	-11.242125	-6.435625
242	-11.49475	-6.43275
243	-11.747375	-6.429875
244	-12	-6.427
245	-4	-6.35725
246	-6.360875	-6.208125
247	-9.826625	-6.207625
248	-12	-5.977
249	-9.67425	-5.96525
250	-4	-5.947
251	-4.2785	-5.946125
252	-4.557	-5.94525
253	-4.8355	-5.944375
254	-5.114	-5.9435
255	-5.3925	-5.942625
256	-5.671	-5.94175
257	-5.9495	-5.940875
258	-6.228	-5.94
259	-6.3635	-5.761125
260	-9.521875	-5.722875
261	-6.499	-5.58225
262	-12	-5.527
263	-4	-5.5255
264	-9.3695	-5.4805
265	-6.6345	-5.403375
266	-9.217125	-5.238125
267	-6.77	-5.2245
268	-4	-5.104
269	-12	-5.077
270	-6.9055	-5.045625
271	-9.06475	-4.99575
272	-7.041	-4.86675
273	-8.912375	-4.753375
274	-7.1765	-4.687875
275	-4	-4.6825
276	-12	-4.627
277	-8.76	-4.511
278	-8.579	-4.51075
279	-8.398	-4.5105
280	-8.217	-4.51025
281	-8.036	-4.51
282	-7.855	-4.50975
283	-7.674	-4.5095
284	-7.493	-4.50925
285	-7.312	-4.509
286	-8.91375	-4.302125
287	-7.170875	-4.266125
288	-4	-4.261
289	-12	-4.177
290	-9.0675	-4.09325
291	-7.02975	-4.02325
292	-9.22125	-3.884375
293	-4	-3.8395
294	-6.888625	-3.780375
295	-12	-3.727
296	-9.375	-3.6755
297	-6.7475	-3.5375
298	-9.52875	-3.466625
299	-4	-3.418
300	-6.606375	-3.294625
301	-12	-3.277
302	-9.6825	-3.25775
303	-6.46525	-3.05175
304	-9.83625	-3.048875
305	-4	-2.9965
306	-9.99	-2.84
307	-10.24125	-2.838375
308	-10.4925	-2.83675
309	-10.74375	-2.835125
310	-10.995	-2.8335
311	-11.24625	-2.831875
312	-11.4975	-2.83025
313	-11.74875	-2.828625
314	-12	-2.827
315	-6.324125	-2.808875
316	-9.83775	-2.60875
317	-4	-2.575
318	-4.272875	-2.573875
319	-4.54575	-2.57275
320	-4.818625	-2.571625
321	-5.0915	-2.5705
322	-5.364375	-2.569375
323	-5.63725	-2.56825
324	-5.910125	-2.567125
325	-6.183	-2.566
326	-9.6855	-2.3775
327	-12	-2.327163951
328	-6.319375	-2.37
329	-6.45575	-2.174
330	-9.53325	-2.14625
331	-4	-2.196450669
332	-6.592125	-1.978
333	-12	-1.827327902
334	-9.381	-1.915
335	-6.7285	-1.782
336	-4	-1.817901337
337	-9.22875	-1.68375
338	-6.864875	-1.586
339	-12	-1.327491852
340	-9.0765	-1.4525
341	-7.00125	-1.39
342	-4	-1.439352006
343	-8.92425	-1.22125
344	-7.137625	-1.194
345	-12	-0.827655803
346	-7.274	-0.998
347	-7.46125	-0.997
348	-7.6485	-0.996
349	-7.83575	-0.995
350	-8.023	-0.994
351	-8.21025	-0.993
352	-8.3975	-0.992
353	-8.58475	-0.991
354	-8.772	-0.99
355	-4	-1.060802675
356	-8.915488654	-0.744003776
357	-7.126072012	-0.786486777
358	-12	-0.327819754
359	-9.058977307	-0.498007553
360	-6.978144024	-0.574973555
361	-4	-0.682253343
362	-9.202465961	-0.252011329
363	-6.830216035	-0.363460332
364	-11.99876712	0.172010405
365	-9.345954614	-0.006015106
366	-6.682288047	-0.151947109
367	-4	-0.303704012
368	-9.489443268	0.239981118
369	-6.534360059	0.059566114
370	-11.98119718	0.6715014
371	-9.632931921	0.485977341
372	-6.386432071	0.271079336
373	-3.999299793	0.074840952
374	-9.776420575	0.731973565
375	-6.238504083	0.482592559
376	-11.94284319	1.169827528
377	-11.68997645	1.14584531
378	-11.4371097	1.121863093
379	-11.18424296	1.097880876
380	-10.93137621	1.073898658
381	-10.67850947	1.049916441
382	-10.42564272	1.025934223
383	-10.17277597	1.001952006
384	-9.919909228	0.977969789
385	-3.974331661	0.452424412
386	-4.238862215	0.482634583
387	-4.503392769	0.512844755
388	-4.767923324	0.543054926
389	-5.032453878	0.573265097
390	-5.296984432	0.603475268
391	-5.561514986	0.633685439
392	-5.82604554	0.66389561
393	-6.090576095	0.694105782
394	-9.716257592	1.197929608
395	-6.197387803	0.893643727
396	-9.512605957	1.417889428
397	-11.85809903	1.839969405
398	-6.304199512	1.093181673
399	-3.943318565	0.67099828
400	-9.308954321	1.637849247
401	-6.411011221	1.292719619
402	-9.105302686	1.857809067
403	-11.73578184	2.50428124
404	-6.517822929	1.492257564
405	-3.900294036	0.887528273
406	-8.90165105	2.077768886
407	-6.624634638	1.69179551
408	-8.697999414	2.297728706
409	-11.5762792	3.160658127
410	-6.731446346	1.891333456
411	-3.845389126	1.101354835
412	-8.494347779	2.517688526
413	-6.838258055	2.090871401
414	-6.945069764	2.290409347
415	-7.113273061	2.346314222
416	-7.281476359	2.402219096
417	-7.449679656	2.458123971
418	-7.617882953	2.514028846
419	-7.786086251	2.569933721
420	-7.954289548	2.625838596
421	-8.122492846	2.68174347
422	-8.290696143	2.737648345
423	-11.3800965	3.807020298
424	-3.778771077	1.311826646
425	-8.315883962	3.04045357
426	-6.726796798	2.408434644
427	-8.341071781	3.343258796
428	-6.508523831	2.526459941
429	-11.14785536	4.441319722
430	-3.700642809	1.518302605
431	-8.3662596	3.646064021
432	-6.290250865	2.644485238
433	-8.391447419	3.948869246
434	-10.88029164	5.061546587
435	-6.071977899	2.762510535
436	-3.611242303	1.720153781
437	-8.416635238	4.251674471
438	-5.853704933	2.880535832
439	-8.441823057	4.554479696
440	-10.57825313	5.665735671
441	-5.635431967	2.998561129
442	-3.510841874	1.916765331
443	-8.467010876	4.857284922
444	-5.417159001	3.116586426
445	-8.492198695	5.160090147
446	-8.711010966	5.296575449
447	-8.929823237	5.433060752
448	-9.148635508	5.569546055
449	-9.367447779	5.706031357
450	-9.58626005	5.84251666
451	-9.805072321	5.979001962
452	-10.02388459	6.115487265
453	-10.24269686	6.251972568
454	-3.399747345	2.107538373
455	-3.624639681	2.248422542
456	-3.849532017	2.38930671
457	-4.074424353	2.530190879
458	-4.29931669	2.671075048
459	-4.524209026	2.811959217
460	-4.749101362	2.952843386
461	-4.973993698	3.093727554
462	-5.198886034	3.234611723
463	-8.216986296	5.272102657
464	-5.204398624	3.458554942
465	-7.941773896	5.384115167
466	-9.878112114	6.813435335
467	-5.209911214	3.68249816
468	-3.279340798	2.290398203
469	-7.666561496	5.496127677
470	-5.215423803	3.906441379
471	-7.391349097	5.608140187
472	-9.482784316	7.35369306
473	-5.220936393	4.130384597
474	-3.149109459	2.466396078
475	-7.116136697	5.720152697
476	-5.226448982	4.354327816
477	-6.840924298	5.832165207
478	-5.231961572	4.578271034
479	-9.057943822	7.871064332
480	-3.009443495	2.635004715
481	-5.237474161	4.802214253
482	-6.565711898	5.944177717
483	-5.242986751	5.026157472
484	-5.373925844	5.154911566
485	-5.504864938	5.28366566
486	-5.635804031	5.412419755
487	-5.766743125	5.541173849
488	-5.897682218	5.669927944
489	-6.028621311	5.798682038
490	-6.159560405	5.927436132
491	-6.290499498	6.056190227
492	-8.604912839	8.363938967
493	-2.860761341	2.795718968
494	-5.000130193	5.037380478
495	-6.178348921	6.341676897
496	-4.757273635	5.048603485
497	-6.066198344	6.627163568
498	-8.125101306	8.830783021
499	-2.703508444	2.948057342
500	-4.514417077	5.059826492
501	-5.954047767	6.912650239
502	-4.271560518	5.071049499
503	-5.84189719	7.198136909
504	-7.620002513	9.270143564
505	-2.538155928	3.091563437
506	-4.02870396	5.082272505
507	-5.729746613	7.48362358
508	-2.365199183	3.225807314
509	-7.091188448	9.680653201
510	-5.617596036	7.769110251
511	-3.785847402	5.093495512
512	-5.505445459	8.054596921
513	-3.542990844	5.104718519
514	-2.185156382	3.350386781
515	-2.32452862	3.571081125
516	-2.463900858	3.791775468
517	-6.540304906	10.06103433
518	-6.396928653	9.845915485
519	-2.603273096	4.012469811
520	-6.2535524	9.630796643
521	-6.110176147	9.415677801
522	-2.742645334	4.233164154
523	-5.966799894	9.20055896
524	-5.823423641	8.985440118
525	-2.882017572	4.453858497
526	-5.680047388	8.770321276
527	-5.536671135	8.555202434
528	-3.02138981	4.67455284
529	-5.393294882	8.340083592
530	-3.160762048	4.895247183
531	-3.300134286	5.115941526
532	-5.10151583	8.318433517
533	-3.204856967	5.324691584
534	-1.994429054	3.467312035
535	-4.809736777	8.296783442
536	-5.96007046	10.41525612
537	-3.109579649	5.533441642
538	-4.517957725	8.275133368
539	-3.01430233	5.7421917
540	-4.226178673	8.253483293
541	-1.797463099	3.573391443
542	-2.919025011	5.950941759
543	-5.360708115	10.73605181
544	-3.934399621	8.231833218
545	-2.823747693	6.159691817
546	-3.642620569	8.210183143
547	-2.728470374	6.368441875
548	-1.594874631	3.668293188
549	-4.744141431	11.02239185
550	-3.350841517	8.188533069
551	-2.633193055	6.577191933
552	-3.059062465	8.166882994
553	-2.993919124	7.994265369
554	-2.928775783	7.821647743
555	-2.863632442	7.649030118
556	-2.798489101	7.476412493
557	-2.73334576	7.303794868
558	-2.668202419	7.131177242
559	-2.603059078	6.958559617
560	-2.537915737	6.785941992
561	-1.387297353	3.751720413
562	-4.112349179	11.27335727
563	-2.323968059	6.691278168
564	-2.834529434	8.374422269
565	-2.110020381	6.596614345
566	-2.609996403	8.581961544
567	-1.175380571	3.823412156
568	-3.467358997	11.48814265
569	-1.896072703	6.501950521
570	-2.385463372	8.789500818
571	-1.682125026	6.407286698
572	-2.160930341	8.997040093
573	-0.959787168	3.883144163
574	-2.811240878	11.66605866
575	-1.468177348	6.312622874
576	-1.93639731	9.204579368
577	-1.25422967	6.217959051
578	-0.741191524	3.930729592
579	-1.71186428	9.412118643
580	-2.146100528	11.80653431
581	-1.040281992	6.123295227
582	-1.487331249	9.619657918
583	-0.826334315	6.028631404
584	-0.788077202	5.770804927
585	-0.749820089	5.512978451
586	-0.711562977	5.255151975
587	-0.673305864	4.997325498
588	-0.635048751	4.739499022
589	-0.596791639	4.481672546
590	-0.558534526	4.223846069
591	-0.520277414	3.966019593
592	-1.262798218	9.827197193
593	-1.289207517	10.08743739
594	-1.315616816	10.34767759
595	-1.342026115	10.60791779
596	-1.368435414	10.86815798
597	-1.394844713	11.12839818
598	-1.421254012	11.38863838
599	-1.447663311	11.64887858
600	-1.47407261	11.90911877
601	-0.64180927	6.180540978
602	-1.006427079	9.681700093
603	-0.457284225	6.332450553
604	-0.301181915	3.988645065
605	-0.75005594	9.536202994
606	-0.815744683	11.97224125
607	-0.27275918	6.484360128
608	-0.493684802	9.390705894
609	-0.088234136	6.636269702
610	-0.081173182	3.99917628
611	-0.237313663	9.245208795
612	-0.154939044	11.9989997
613	0.096290909	6.788179277
614	0.019057476	9.099711695
615	0.280815954	6.940088852
616	0.139081683	3.997581304
617	0.275428615	8.954214596
618	0.5063372	11.98931285
619	0.465340998	7.091998426
620	0.531799754	8.808717496
621	0.649866043	7.243908001
622	0.667154149	7.42132205
623	0.684442256	7.5987361
624	0.358914828	3.983864976
625	0.701730362	7.776150149
626	0.719018468	7.953564199
627	0.736306574	8.130978248
628	0.75359468	8.308392298
629	0.770882787	8.485806347
630	0.788170893	8.663220397
631	1.166075515	11.94321012
632	0.799424663	7.062004576
633	1.084024739	8.755272564
634	0.948983283	6.88010115
635	0.577659682	3.958068884
636	1.379878585	8.847324731
637	1.822272037	11.86083153
638	1.098541902	6.698197725
639	1.675732431	8.939376898
640	1.248100522	6.516294299
641	0.794652972	3.920271248
642	1.971586277	9.031429065
643	2.47293366	11.74242731
644	1.397659142	6.334390874
645	2.267440123	9.123481232
646	1.547217762	6.152487449
647	1.009236738	3.870586675
648	3.116084088	11.58835709
649	2.563293969	9.215533399
650	1.696776382	5.970584023
651	2.859147815	9.307585566
652	1.846335001	5.788680598
653	1.768138167	5.54124125
654	1.689941332	5.293801903
655	1.611744497	5.046362555
656	1.533547663	4.798923208
657	1.455350828	4.551483861
658	1.377153994	4.304044513
659	1.298957159	4.056605166
660	1.220760324	3.809165818
661	3.749769841	11.39908883
662	3.675423818	11.14915744
663	3.601077796	10.89922606
664	3.526731773	10.64929467
665	3.452385751	10.39936328
666	3.378039728	10.14943189
667	3.303693706	9.899500507
668	3.229347683	9.64956912
669	3.155001661	9.399637733
670	2.075154444	5.848759792
671	3.315584909	9.170375019
672	2.303973887	5.908838986
673	1.430108125	3.735611162
674	4.396104968	11.1657629
675	3.476168156	8.941112304
676	2.53279333	5.96891818
677	3.636751404	8.71184959
678	2.761612772	6.028997375
679	1.635055055	3.650560911
680	3.797334652	8.482586875
681	5.028024836	10.89582334
682	2.990432215	6.089076569
683	3.9579179	8.25332416
684	3.219251658	6.149155763
685	1.834970431	3.554276792
686	4.118501148	8.024061446
687	5.64345732	10.59015531
688	3.448071101	6.209234957
689	4.279084396	7.794798731
690	3.676890543	6.269314152
691	3.772237681	6.431341885
692	3.867584819	6.593369618
693	3.962931956	6.755397351
694	4.058279094	6.917425084
695	4.153626231	7.079452817
696	4.248973369	7.24148055
697	4.344320506	7.403508283
698	4.439667644	7.565536016
699	2.029239054	3.4470551
700	6.240384354	10.24976112
701	3.737038239	6.03635682
702	4.743915082	7.508708061
703	3.797185935	5.803399487
704	2.217263101	3.329225787
705	5.048162521	7.451880106
706	6.816848559	9.87575697
707	3.85733363	5.570442155
708	5.352409959	7.395052151
709	2.398463965	3.20115145
710	3.917481326	5.337484823
711	5.656657398	7.338224197
712	7.370959649	9.469369242
713	3.977629022	5.104527491
714	5.960904836	7.281396242
715	2.572284039	3.063226212
716	4.037776717	4.871570159
717	6.265152275	7.224568287
718	7.900900642	9.031930527
719	4.097924413	4.638612827
720	6.569399713	7.167740332
721	2.738188424	2.91587451
722	2.915673884	3.102097133
723	3.093159345	3.288319756
724	3.270644805	3.474542379
725	3.448130266	3.660765002
726	3.625615727	3.846987626
727	3.803101187	4.033210249
728	3.980586648	4.219432872
729	4.158072108	4.405655495
730	6.873647152	7.110912377
731	7.065057984	7.292657733
732	7.256468816	7.47440309
733	7.447879648	7.656148446
734	7.639290481	7.837893802
735	7.830701313	8.019639158
736	8.022112145	8.201384515
737	8.213522977	8.383129871
738	8.404933809	8.564875227
739	4.397525775	4.363412095
740	6.910616022	6.823871429
741	2.899002176	2.756045424
742	4.636979442	4.321168695
743	6.947584892	6.53683048
744	8.861859509	8.091195589
745	4.876433109	4.278925295
746	6.984553762	6.249789532
747	3.050501725	2.587361441
748	5.115886776	4.236681895
749	7.021522632	5.962748584
750	9.292128642	7.593177549
751	5.355340443	4.194438495
752	7.058491502	5.675707636
753	3.192200317	2.410364524
754	5.59479411	4.152195095
755	7.095460372	5.388666687
756	9.694446957	7.072319153
757	5.834247777	4.109951695
758	7.132429242	5.101625739
759	7.169398112	4.814584791
760	7.032436029	4.721225229
761	6.895473945	4.627865667
762	6.758511861	4.534506105
763	6.621549778	4.441146543
764	6.484587694	4.347786981
765	6.347625611	4.254427419
766	6.210663527	4.161067857
767	6.073701444	4.067708295
768	3.323642688	2.225623346
769	10.06760427	6.530187148
770	6.022031194	3.82802622
771	7.43725595	4.638294879
772	3.444406528	2.033731464
773	5.970360945	3.588344144
774	7.705113787	4.462004967
775	10.41047813	5.968412272
776	5.918690695	3.348662069
777	7.972971625	4.285715055
778	3.554103835	1.835305406
779	5.867020446	3.108979993
780	8.240829462	4.109425143
781	10.72203717	5.38868435
782	5.815350196	2.869297917
783	8.5086873	3.933135231
784	3.652382161	1.630982695
785	5.763679947	2.629615842
786	11.0013442	4.792747209
787	8.776545138	3.756845319
788	5.712009697	2.389933766
789	9.044402975	3.580555407
790	3.738925749	1.421419799
791	3.979102461	1.512523786
792	4.219279173	1.603627772
793	4.459455886	1.694731759
794	4.699632598	1.785835745
795	4.939809311	1.876939732
796	5.179986023	1.968043718
797	5.420162736	2.059147704
798	5.660339448	2.150251691
799	11.24755908	4.182393435
800	11.00564679	4.085127442
801	10.76373451	3.98786145
802	10.52182223	3.890595457
803	10.27990994	3.793329465
804	10.03799766	3.696063472
805	9.796085378	3.59879748
806	9.554173096	3.501531487
807	9.312260813	3.404265494
808	5.853655154	2.004718675
809	9.22972227	3.12710933
810	3.826654797	1.164780265
811	6.04697086	1.85918566
812	11.45221151	3.584250484
813	9.147183728	2.849953166
814	6.240286566	1.713652644
815	9.064645185	2.572797002
816	3.896790743	0.902785635
817	6.433602272	1.568119628
818	8.982106643	2.295640838
819	11.62507948	2.976159805
820	6.626917978	1.422586613
821	8.8995681	2.018484673
822	3.949011136	0.636640436
823	6.820233684	1.277053597
824	8.817029558	1.741328509
825	11.7656832	2.359809091
826	7.01354939	1.131520582
827	8.734491015	1.464172345
828	3.983075892	0.367568272
829	8.651952473	1.187016181
830	8.471316551	1.161887604
831	8.290680629	1.136759027
832	8.110044707	1.11163045
833	7.929408785	1.086501873
834	7.748772863	1.061373296
835	7.568136941	1.03624472
836	7.387501019	1.011116143
837	7.206865097	0.985987566
838	11.87363244	1.736908963
839	8.809708413	0.946514158
840	7.064381959	0.77211412
841	3.998828398	0.096806208
842	6.921898822	0.558240674
843	8.967464354	0.706012136
844	11.9486276	1.109188217
845	6.779415685	0.344367229
846	9.125220295	0.465510113
847	4	-0.174456226
848	6.636932548	0.130493783
849	9.282976236	0.22500809
850	11.99046054	0.478389031
851	6.494449411	-0.083379663
852	9.440732177	-0.015493932
853	4	-0.445728113
854	6.351966274	-0.297253109
855	9.598488118	-0.255995955
856	12	-0.153742082
857	6.209483137	-0.511126554
858	9.756244059	-0.496497977
859	4	-0.717
860	4.258375	-0.718
861	4.51675	-0.719
862	4.775125	-0.72
863	5.0335	-0.721
864	5.291875	-0.722
865	5.55025	-0.723
866	5.808625	-0.724
867	6.067	-0.725
868	9.914	-0.737
869	10.17475	-0.743125
870	10.4355	-0.74925
871	10.69625	-0.755375
872	10.957	-0.7615
873	11.21775	-0.767625
874	11.4785	-0.77375
875	11.73925	-0.779875
876	12	-0.786
877	6.2185	-0.94675
878	9.75425	-0.961125
879	6.37	-1.1685
880	4	-1.172
881	9.5945	-1.18525
882	12	-1.228875
883	6.5215	-1.39025
884	9.43475	-1.409375
885	6.673	-1.612
886	4	-1.627
887	9.275	-1.6335
888	12	-1.67175
889	6.8245	-1.83375
890	9.11525	-1.857625
891	6.976	-2.0555
892	8.9555	-2.08175
893	4	-2.082
894	12	-2.114625
895	7.1275	-2.27725
896	8.79575	-2.305875
897	7.279	-2.499
898	7.448625	-2.502875
899	7.61825	-2.50675
900	7.787875	-2.510625
901	7.9575	-2.5145
902	8.127125	-2.518375
903	8.29675	-2.52225
904	8.466375	-2.526125
905	8.636	-2.53
906	4	-2.537
907	12	-2.5575
908	7.117875	-2.729375
909	8.792875	-2.760125
910	6.95675	-2.95975
911	8.94975	-2.99025
912	4	-2.992
913	12	-3.000375
914	6.795625	-3.190125
915	9.106625	-3.220375
916	6.6345	-3.4205
917	12	-3.44325
918	4	-3.447
919	9.2635	-3.4505
920	6.473375	-3.650875
921	9.420375	-3.680625
922	6.31225	-3.88125
923	12	-3.886125
924	4	-3.902
925	9.57725	-3.91075
926	6.151125	-4.111625
927	9.734125	-4.140875
928	12	-4.329
929	11.736375	-4.33425
930	11.47275	-4.3395
931	5.99	-4.342
932	5.74125	-4.343875
933	11.209125	-4.34475
934	5.4925	-4.34575
935	5.24375	-4.347625
936	4.995	-4.3495
937	10.9455	-4.35
938	4.74625	-4.351375
939	4.4975	-4.35325
940	4.24875	-4.355125
941	10.681875	-4.35525
942	4	-4.357
943	10.41825	-4.3605
944	10.154625	-4.36575
945	9.891	-4.371
946	6.156875	-4.57425
947	9.738875	-4.59425
948	12	-4.790625
949	6.32375	-4.8065
950	4	-4.808875
951	9.58675	-4.8175
952	6.490625	-5.03875
953	9.434625	-5.04075
954	12	-5.25225
955	4	-5.26075
956	9.2825	-5.264
957	6.6575	-5.271
958	9.130375	-5.48725
959	6.824375	-5.50325
960	8.97825	-5.7105
961	4	-5.712625
962	12	-5.713875
963	6.99125	-5.7355
964	8.826125	-5.93375
965	7.158125	-5.96775
966	8.674	-6.157
967	8.505375	-6.162375
968	4	-6.1645
969	8.33675	-6.16775
970	8.168125	-6.173125
971	12	-6.1755
972	7.9995	-6.1785
973	7.830875	-6.183875
974	7.66225	-6.18925
975	7.493625	-6.194625
976	7.325	-6.2
977	8.837625	-6.389
978	7.171875	-6.421
979	4	-6.616375
980	9.00125	-6.621
981	12	-6.637125
982	7.01875	-6.642
983	9.164875	-6.853
984	6.865625	-6.863
985	4	-7.06825
986	6.7125	-7.084
987	9.3285	-7.085
988	12	-7.09875
989	6.559375	-7.305
990	9.492125	-7.317
991	4	-7.520125
992	6.40625	-7.526
993	9.65575	-7.549
994	12	-7.560375
995	6.253125	-7.747
996	9.819375	-7.781
997	6.1	-7.968
998	5.8375	-7.9685
999	5.575	-7.969
1000	5.3125	-7.9695
1001	5.05	-7.97
1002	4.7875	-7.9705
1003	4.525	-7.971
1004	4.2625	-7.9715
1005	4	-7.972
1006	9.983	-8.013
1007	10.235125	-8.014125
1008	10.48725	-8.01525
1009	10.739375	-8.016375
1010	10.9915	-8.0175
1011	11.243625	-8.018625
1012	11.49575	-8.01975
1013	11.747875	-8.020875
1014	12	-8.022
1015	6.256125	-8.207375
1016	9.816625	-8.250125
1017	4	-8.422375
1018	6.41225	-8.44675
1019	12	-8.466
1020	9.65025	-8.48725
1021	6.568375	-8.686125
1022	9.483875	-8.724375
1023	4	-8.87275
1024	12	-8.91
1025	6.7245	-8.9255
1026	9.3175	-8.9615
1027	6.880625	-9.164875
1028	9.151125	-9.198625
1029	4	-9.323125
1030	12	-9.354
1031	7.03675	-9.40425
1032	8.98475	-9.43575
1033	7.192875	-9.643625
1034	8.818375	-9.672875
1035	4	-9.7735
1036	12	-9.798
1037	7.349	-9.883
1038	7.511875	-9.886375
1039	7.67475	-9.88975
1040	7.837625	-9.893125
1041	8.0005	-9.8965
1042	8.163375	-9.899875
1043	8.32625	-9.90325
1044	8.489125	-9.906625
1045	8.652	-9.91
1046	7.191	-10.087625
1047	8.7965	-10.11075
1048	4	-10.223875
1049	12	-10.242
1050	7.033	-10.29225
1051	8.941	-10.3115
1052	6.875	-10.496875
1053	9.0855	-10.51225
1054	4	-10.67425
1055	12	-10.686
1056	6.717	-10.7015
1057	9.23	-10.713
1058	6.559	-10.906125
1059	9.3745	-10.91375
1060	6.401	-11.11075
1061	9.519	-11.1145
1062	4	-11.124625
1063	12	-11.13
1064	6.243	-11.315375
1065	9.6635	-11.31525
1066	9.808	-11.516
1067	6.085	-11.52
1068	10.082	-11.52325
1069	5.824375	-11.526875
1070	10.356	-11.5305
1071	5.56375	-11.53375
1072	10.63	-11.53775
1073	5.303125	-11.540625
1074	10.904	-11.545
1075	5.0425	-11.5475
1076	11.178	-11.55225
1077	4.781875	-11.554375
1078	11.452	-11.5595
1079	4.52125	-11.56125
1080	11.726	-11.56675
1081	4.260625	-11.568125
1082	12	-11.574
1083	4	-11.575
1084	9.644375	-11.804875
1085	6.264	-11.81
1086	12	-11.97875
1087	4	-11.983875
1088	9.48075	-12.09375
1089	6.443	-12.1
1090	9.317125	-12.382625
1091	12	-12.3835
1092	6.622	-12.39
1093	4	-12.39275
1094	9.1535	-12.6715
1095	6.801	-12.68
1096	12	-12.78825
1097	4	-12.801625
1098	8.989875	-12.960375
1099	6.98	-12.97
1100	12	-13.193
1101	4	-13.2105
1102	8.82625	-13.24925
1103	7.159	-13.26
1104	8.662625	-13.538125
1105	7.338	-13.55
1106	12	-13.59775
1107	4	-13.619375
1108	8.499	-13.827
1109	8.37625	-13.828625
1110	8.2535	-13.83025
1111	8.13075	-13.831875
1112	8.008	-13.8335
1113	7.88525	-13.835125
1114	7.7625	-13.83675
1115	7.63975	-13.838375
1116	7.517	-13.84
1117	8.64025	-13.9605
1118	7.37775	-13.977125
1119	12	-14.0025
1120	4	-14.02825
1121	8.7815	-14.094
1122	7.2385	-14.11425
1123	8.92275	-14.2275
1124	7.09925	-14.251375
1125	9.064	-14.361
1126	6.96	-14.3885
1127	12	-14.40725
1128	4	-14.437125
1129	9.20525	-14.4945
1130	6.82075	-14.525625
1131	9.3465	-14.628
1132	6.6815	-14.66275
1133	9.48775	-14.7615
1134	6.54225	-14.799875
1135	12	-14.812
1136	11.703625	-14.822375
1137	11.40725	-14.83275
1138	11.110875	-14.843125
1139	4	-14.846
1140	10.8145	-14.8535
1141	4.300375	-14.857375
1142	10.518125	-14.863875
1143	4.60075	-14.86875
1144	10.22175	-14.87425
1145	4.901125	-14.880125
1146	9.925375	-14.884625
1147	5.2015	-14.8915
1148	9.629	-14.895
1149	5.501875	-14.902875
1150	5.80225	-14.91425
1151	6.102625	-14.925625
1152	6.403	-14.937
1153	12	-15.2105
1154	4	-15.24025
1155	9.541625	-15.283125
1156	6.4875	-15.319875
1157	12	-15.609
1158	4	-15.6345
1159	9.45425	-15.67125
1160	6.572	-15.70275
1161	12	-16.0075
1162	4	-16.02875
1163	9.366875	-16.059375
1164	6.6565	-16.085625
1165	12	-16.406
1166	4	-16.423
1167	9.2795	-16.4475
1168	6.741	-16.4685
1169	12	-16.8045
1170	4	-16.81725
1171	9.192125	-16.835625
1172	6.8255	-16.851375
1173	12	-17.203
1174	4	-17.2115
1175	9.10475	-17.22375
1176	6.91	-17.23425
1177	12	-17.6015
1178	4	-17.60575
1179	9.017375	-17.611875
1180	6.9945	-17.617125
1181	4	-18
1182	4.384875	-18
1183	4.76975	-18
1184	5.154625	-18
1185	5.5395	-18
1186	5.924375	-18
1187	6.30925	-18
1188	6.694125	-18
1189	7.079	-18
1190	7.310375	-18
1191	7.54175	-18
1192	7.773125	-18
1193	8.0045	-18
1194	8.235875	-18
1195	8.46725	-18
1196	8.698625	-18
1197	8.93	-18
1198	9.31375	-18
1199	9.6975	-18
1200	10.08125	-18
1201	10.465	-18
1202	10.84875	-18
1203	11.2325	-18
1204	11.61625	-18
1205	12	-18
***Constrainted boundary conditions
BC#  Node#     (ifpre(i, idofn), idofn=1, ndofn)    (presc(i, idofn), idofn=1, ndofn)
1	1	1	1            0  0
2	2	1	1            0  0
3	3	1	1            0  0
4	4	1	1            0  0
5	5	1	1            0  0
6	6	1	1            0  0
7	7	1	1            0  0
8	8	1	1            0  0
9	9	1	1            0  0
10	10	1	1            0  0
11	11	1	1            0  0
12	12	1	1            0  0
13	13	1	1            0  0
14	14	1	1            0  0
15	15	1	1            0  0
16	16	1	1            0  0
17	17	1	1            0  0
18	18	1	1            0  0
19	19	1	1            0  0
20	20	1	1            0  0
21	21	1	1            0  0
22	22	1	1            0  0
23	23	1	1            0  0
24	24	1	1            0  0
25	25	1	1            0  0
26	1181	1	1        0  0
27	1182	1	1        0  0
28	1183	1	1        0  0
29	1184	1	1        0  0
30	1185	1	1        0  0
31	1186	1	1        0  0
32	1187	1	1        0  0
33	1188	1	1        0  0
34	1189	1	1        0  0
35	1190	1	1        0  0
36	1191	1	1        0  0
37	1192	1	1        0  0
38	1193	1	1        0  0
39	1194	1	1        0  0
40	1195	1	1        0  0
41	1196	1	1        0  0
42	1197	1	1        0  0
43	1198	1	1        0  0
44	1199	1	1        0  0
45	1200	1	1        0  0
46	1201	1	1        0  0
47	1202	1	1        0  0
48	1203	1	1        0  0
49	1204	1	1        0  0
50	1205	1	1        0  0
***Material properties
 Mat#       E          v         Thick
1        70000          0.22     2100   0.37      1.0
2        0.0               0.22     2100   0.37      1.0
***Load conditions (including the secend and third conditions)
NEDGE
  11
Edge#  Elem#   Nod1#-->NODEG          press: positive when the normal points inward and the tangential direction is counterclockwise
1	34		799   786   781   775   769		80  0  80  0  80  0  80  0  80  0
2   34		769   756   750   744   738		80  0  80  0  80  0  80  0  80  0
3   49      738   718   712   706   700		80  0  80  0  80  0  80  0  80  0
4   49      700   687   681   674   661		80  0  80  0  80  0  80  0  80  0
5   3        661   648   643   637   631     80  0  80  0  80  0  80  0  80  0
6   3        631   618   612   606   600     80  0  80  0  80  0  80  0  80  0
7   22      600   580   574   568   562     80  0  80  0  80  0  80  0  80  0
8   22      562   549   543   536   517     80  0  80  0  80  0  80  0  80  0
9   30      517   509   504   498   492     80  0  80  0  80  0  80  0  80  0
10  30     492   479   472   466   453     80  0  80  0  80  0  80  0  80  0
11  4       453   440   434   429   423     80  0  80  0  80  0  80  0  80  0
***Center of a circle
NcenEle
  52
Elem#  NO.line		coord(1)---->(2)
1	1	    -4.411420544    	6.663253698
2	2	    4.446337019	    2.981980384
3	3	    1.010686749	    10.55101266
4	4	    -10.10091847    	3.398254137
5	5	    -8.060498843    	-2.726613656
6	6	    -5.392973708    	-4.277182534
7	7	    0.467220088	    5.349126762
8	8	    5.363361361	    -6.171739484
9	9	    5.370445963	    -9.766278567
10	10	    5.429332664	    5.835144689
11	11	    -5.07992695	    1.769059471
12	12	    8.04019227	    -8.02601457
13	13	    -3.820420662    	3.755265395
14	14	    -6.87051576	    4.162685701
15	15	    5.344113206	    -16.4900657
16	16	    -1.049485063    	7.931534772
17	17	    -10.64835057    	-1.022420535
18	18	    -10.71268674    	-8.23552816
19	19	    -1.841631456    	4.960559772
20	20	    10.65584589	    -16.4942226
21	21	    2.445949653	    7.592132627
22	22	    -3.635579354    	10.02424542
23	23	    -5.318892773    	-16.59407552
24	24	    7.48508299	    2.817486316
25	25	    -8.055154453    	-6.294291487
26	26	    -5.379816174    	-0.861561523
27	27	    -8.062731543    	-16.49461612
28	28	    5.300832243	    0.722209662
29	29	    10.63123615	    -9.844958742
30	30	    -7.638893124    	7.391875952
31	31	    -5.41600156	    -10.83942515
32	32	    -5.403046821    	-7.607775696
33	33	    -8.354848276    	-13.32860709
34	34	    8.870353593	    5.767742507
35	35	    10.54184664	    -13.22785807
36	36	    10.5734366	    -2.526963688
37	37	    10.56929619	    1.361639182
38	38	    7.962521252	    -11.76715023
39	39	    5.336400203	    -2.522092721
40	40	    10.64742524	    -6.186765362
41	41	    -8.006123539    	0.745427407
42	42	    -10.67169191    	-4.648872563
43	43	    -10.79127632    	-15.97377746
44	44	    8.006629205	    -0.69761855
45	45	    5.464093299	    -13.30844841
46	46	    7.924258274	    -4.332034613
47	47	    -8.244605247    	-9.782943116
48	48	    -10.78000177    	-12.01204269
49	49	    5.564499241	    9.118847803
50	50	    2.730567369	    4.645422231
51	51	    -5.5188321	    -13.76119201
52	52	    8.016437488	    -15.90026007


